1 51 15043 3095 1318 1181 14991 4230 4913 7331 4838 7085 1352 15002 3679 14991 7640 4479 2551 14870 1121 1883 14817 5289 713 2906 5282 2784 14774 14795 83 6952 14836 14859 14876 1296 6799 14961 5351 14962 3894 7640 1181 277 14987 3851 14961 5351 14918 889 2011 6902 2906 
1 35 7525 14648 7541 3134 5704 4009 14649 28 14531 7664 14516 5846 1916 14399 14317 1911 1492 43 5165 2343 3688 7525 6671 867 14752 14799 6299 5800 3609 5704 8 14817 1820 7382 14649 
1 12 14649 2438 2452 1349 2050 6541 14406 6684 14362 4761 3796 1023 
1 6 2050 5254 14622 6618 2784 14774 
1 6 2438 4135 14678 14679 3470 2784 
1 10 14622 5687 14565 14525 2810 14532 5819 21 2688 6738 
1 5 14531 681 4737 4494 14253 
1 12 1911 14268 5084 3339 6427 14253 14232 2232 6702 3843 4940 1023 
1 3 15089 2021 15094 
1 10 6685 5300 14570 14619 2349 5893 4107 14583 14564 14570 
1 28 5893 3550 14766 14793 2456 6411 794 14621 2371 2241 14540 6945 3548 7778 2028 14736 6411 5633 887 910 14823 14756 2028 929 14762 106 4070 7778 
1 17 106 14716 7009 14599 833 14559 14599 61 14626 14635 1006 4320 61 6400 4241 6945 833 
1 19 4241 2856 4227 14398 336 14376 2312 6706 3653 14276 3238 14204 87 14252 3910 14328 2634 14412 43 
1 13 4241 6601 4998 7269 14371 3937 1711 14383 335 14417 14453 14475 2343 
1 5 4227 2856 14452 14416 7269 
1 2 3937 14276 
1 4 14583 14547 226 2371 
1 4 2241 1546 313 14421 
1 8 4998 14514 2311 4467 14519 14548 1999 6671 
1 8 14570 14564 2554 3644 14411 6259 14365 14318 
1 4 7347 14318 5423 14365 
1 7 5423 137 1945 14326 886 6696 14411 
1 5 886 14421 14466 14504 2371 
1 2 1546 4227 
1 7 14398 6998 14294 823 14265 6528 14376 
3 33 8622 5063 8755 4534 1353 6832 8875 5136 8984 9027 1672 797 7431 2360 3906 7339 9689 9806 9910 5478 9962 32 5262 10101 10142 10206 6009 10434 10329 725 10401 10402 4864 
1 6 8622 5527 5099 8482 8430 3526 
1 7 1453 2041 3332 1444 8378 4812 3526 
2 20 9219 9183 6442 9093 9071 2759 2333 8987 8916 7707 7737 6803 5909 8756 8795 4501 2610 3257 4873 1453 
2 14 8256 5008 6872 5394 2155 5344 7107 1075 3684 490 281 7334 5063 8755 
1 8 8626 8548 8497 1877 4949 8355 5008 8256 
1 8 8626 2157 4180 8610 8657 3270 6211 8675 
1 30 183 421 6247 9216 9151 1629 2214 9014 9035 9069 6386 3566 8919 8915 8856 8834 2005 6211 8675 6168 8635 8670 2001 8745 2299 8720 8703 8712 2735 8755 
1 13 183 9250 1432 4157 9136 9167 2515 1519 8966 5744 5430 2476 1353 
1 37 8987 2130 9083 9146 9219 7530 6055 9428 7169 9347 9456 2988 9508 9412 9436 1330 9496 1385 9396 9300 9272 9208 5345 7734 9070 58 1672 9110 7431 3029 5616 3285 9258 344 9217 9282 4157 
1 9 8856 7135 1860 8887 8912 273 4884 8977 8966 
1 14 5099 2479 5205 158 2837 8814 4097 8949 7170 5218 9182 6638 9346 9412 
1 19 8984 8995 8928 3951 1918 4097 8829 5402 4501 5770 6186 6389 8489 8449 303 4687 8281 2648 8287 
1 17 5074 1207 4664 2940 4515 1734 465 8466 8489 394 5277 8536 7577 8492 2894 5539 4665 
1 22 5663 8445 8490 3768 8394 5479 8367 8362 4770 1110 303 2160 7499 8344 2275 8292 4515 2940 6840 8280 6368 4812 
1 30 7233 6503 9677 9721 7240 5097 7149 6236 6017 9951 1960 10046 5206 5478 32 9963 9880 2879 5385 9931 9889 227 5678 3060 3059 4995 4810 2770 5936 10241 
1 17 10466 2767 10364 10288 1878 10215 5895 10168 32 9963 9880 2256 6863 1179 5070 6776 9731 
1 3 9395 1540 6247 
1 7 6236 9796 9648 1696 9506 2471 9282 
1 13 10466 10363 10266 3730 9990 7149 9704 7614 9541 9435 9368 183 421 
1 3 7233 9776 9879 
1 7 9879 1775 4491 10160 7323 5053 1449 
1 28 1449 10458 10353 2363 10265 10227 10354 10363 6297 10364 10288 1878 10215 5895 6824 6252 10257 10206 10258 10329 725 10401 10402 10474 5999 2498 10386 10423 
1 19 771 10487 725 10259 3971 2513 10114 962 9889 9817 9731 5757 4619 9456 9497 5071 3228 3086 6055 
1 11 9931 9889 227 5678 3060 3059 4995 4810 2770 5936 10161 
1 6 4810 9979 9869 6691 1655 2248 
1 9 8626 1802 4203 6973 8896 8914 8927 9003 2214 
2 16 8626 1802 4265 6490 3533 8954 9013 9081 9134 5724 9257 9290 9305 3908 9473 7069 
1 19 7069 4670 9615 6122 1573 7181 2002 9855 9949 4860 3983 2140 1058 10159 7065 10264 7323 5053 1449 
1 16 7069 9505 7488 9384 687 9424 9434 6533 9425 9411 9375 7317 9338 2844 9307 189 
1 8 189 1629 2214 8960 257 5168 5404 3270 
1 17 7069 9473 9374 6075 9109 174 3775 1889 2286 5193 8625 2326 8543 8488 7451 3296 3017 
1 15 3017 3296 7451 680 8413 5318 581 8496 4398 1872 6387 8548 8497 1877 4949 
1 13 9615 7488 9305 2902 4740 5951 1090 5596 341 156 8609 1516 1872 
1 18 341 5950 3837 8895 8954 5717 3870 9240 9316 9375 9482 9564 9647 5773 5492 6253 7681 7323 
1 103 7503 10517 10419 10298 3161 10191 10099 4379 7623 10065 10092 3705 1813 5285 5391 828 4503 3898 2407 4228 10362 10422 10408 10399 10433 10507 10508 10520 10521 10636 62 1625 10983 5298 5722 1544 3352 11093 7770 2579 6158 11120 3359 11199 11246 7472 1961 11482 2128 871 3381 24 11956 12013 4311 3893 7696 3149 12349 12420 12468 122 149 12795 12859 12888 4347 5890 12962 12954 6594 4535 7733 13297 1850 13395 6415 7052 13486 13493 7134 13363 5199 5669 13452 13475 5408 7551 6903 2602 13694 13737 13809 13825 7047 6107 13981 14045 14101 7302 549 7662 2361 
1 19 4066 9056 9090 9105 9100 9150 9166 5069 4277 2722 3239 6727 7195 2182 8981 9030 8976 4211 3775 
1 23 8543 2326 8625 5193 8753 6059 790 4211 4726 9108 3589 9161 9180 7332 9067 3239 7620 3897 6204 4699 2725 8732 1265 
1 15 190 4931 8634 3942 864 8776 6204 8918 5939 5400 9150 3366 9366 5587 9551 
1 17 1848 4756 6962 8588 7368 8691 5943 8634 8615 8578 318 4013 7312 3845 8656 8608 2326 
1 37 7623 9877 9794 1428 442 9551 5587 9269 3366 9166 5069 4277 3897 8851 8820 8744 2804 8655 318 8511 4443 6367 3296 2403 6225 2444 1732 8120 5095 5013 1634 3805 2718 7277 4590 5766 7912 
1 5 190 6715 8465 8440 3017 
1 3 1265 8577 1848 
1 8 4066 9056 7531 2971 2037 9394 9444 9551 
1 16 1848 4756 6962 8588 7368 8595 6987 4123 8371 8321 4012 4722 8165 8137 1171 8133 
1 16 8510 5283 1395 5016 6489 8339 3053 6823 4012 3555 743 3444 8206 909 5649 1732 
1 6 8353 6228 3960 8279 5365 5016 
1 18 1848 8464 1395 8401 2910 8353 8285 8233 8213 2595 8131 7680 3022 8033 5671 8001 1638 7998 
1 21 7912 4588 5148 2094 4944 1199 7946 337 7984 6045 3587 1018 8035 2843 8006 2923 8026 5396 994 5671 8001 
1 13 5396 1807 414 1346 565 509 630 238 1548 4759 3742 1259 5828 
1 13 3742 7785 4412 5327 5349 793 4389 7840 4839 7831 2 3308 7810 
1 8 4232 7828 7830 635 3298 613 7852 3742 
1 10 3742 7785 4412 4341 7850 7045 502 7641 1290 3976 
1 8 1346 565 7929 2622 2085 6929 7909 7904 
1 6 5845 4276 3027 3232 5013 8080 
1 22 8080 8095 8109 4991 5178 459 8088 8104 6815 6887 2356 5308 278 8312 5365 8326 2910 8353 8285 8233 8213 2595 
1 4 3027 8089 8073 2066 
1 4 1224 5719 7467 4276 
1 8 1428 5877 9977 7682 10203 3678 10418 7503 
1 20 3161 10191 10099 4379 7623 10065 10092 2034 5395 10286 10328 5664 10287 1649 10383 10398 7475 6091 4228 10362 
1 14 2722 9106 2678 104 3218 9445 6322 5307 2851 9947 6382 7369 828 1649 
1 12 10398 10498 7285 1255 2687 10982 11092 5946 11381 11512 1004 11717 
1 16 5946 6005 11306 4803 11100 11021 7164 10943 1031 1735 2904 4271 10900 2820 1440 1625 
1 44 5829 11207 11125 11066 2642 11016 4518 7633 1612 2659 11029 143 10967 10982 11017 11030 6856 3691 1454 252 10779 3985 10873 4271 10900 2820 1440 7709 7651 5298 5722 1544 3352 11093 7770 2579 6158 11120 3359 11199 11246 7472 1961 11482 
1 24 5829 3393 11395 5226 11377 11296 1158 11268 11276 5523 11481 4185 2496 2319 4049 11981 12065 3426 3101 12339 3462 480 12599 956 
1 28 956 12599 1027 12527 12486 113 12417 4071 12388 12389 12364 12272 5922 3502 12042 7375 1624 3794 11649 6844 11602 11513 4 11317 1935 11150 11101 7709 
1 14 12417 12307 4951 3426 7155 12007 11914 45 11763 5755 2496 11601 1992 11512 
1 10 12272 12189 1003 11915 7695 2709 11623 11453 11359 11306 
1 40 11395 5226 11377 11296 1158 11268 11276 5523 11481 4185 2496 2319 11875 11953 4988 6439 1609 12417 113 2405 3462 779 7211 3905 5885 2769 3021 4585 6666 13241 13323 2383 5424 7355 13716 3640 13934 7421 14063 348 
1 11 2383 13533 7656 4933 6695 1550 511 4104 5714 14211 3448 
1 10 4104 14088 6319 14041 6069 1389 7603 13626 13549 7017 
1 13 13549 13556 2427 13510 6181 13464 5370 3720 1269 13545 13646 13709 5366 
1 12 13545 1569 1864 13253 5515 13154 5996 13038 12986 12907 12822 2253 
1 16 2253 5003 6160 4189 7383 5777 12478 2492 362 12249 12257 2031 4375 7425 12139 12149 
1 10 12257 12174 2916 5572 11916 11849 7471 6844 4207 1584 
1 22 12257 4470 12424 4308 1148 12720 4800 4335 6370 3656 6464 13189 13207 1513 13261 1581 5520 3402 545 6522 1851 2578 
1 23 1581 13261 215 13045 12934 6234 12708 5686 2827 618 5607 2734 12488 12419 12356 6667 6471 11966 5624 5265 2824 6821 11246 
1 19 3352 5530 1777 6361 402 11734 11828 7318 12076 12154 2614 12373 12429 3952 12529 12625 12708 6234 12864 
1 47 5572 2916 12174 12091 4375 7425 12139 12149 5769 4388 12124 12131 6302 5269 7318 11840 11780 6034 5624 11735 42 11684 11685 871 11434 1205 11319 11228 11177 4082 11308 3365 11200 5608 1371 5263 11038 10958 10985 1869 10986 11039 4169 11128 11104 1499 6553 
1 16 14211 3129 14348 14385 14389 1518 705 14558 14600 7406 4628 1246 128 14882 1805 4080 
1 11 4628 14726 14725 1258 6470 6562 4836 450 2636 1019 14722 
1 11 4080 14945 899 4578 7365 1926 14985 1593 6429 1733 5223 
1 10 348 1826 5164 14333 4224 6483 5887 14614 1019 14722 
1 8 14850 3593 5573 5557 376 7683 1733 14978 
1 10 14868 3593 6030 3265 3522 14617 3608 663 14454 4224 
1 14 14868 14878 5557 1708 2887 14913 2612 814 352 4715 1991 6287 4358 128 
1 20 6464 3922 6717 1467 13595 2260 13823 7266 13994 2482 14193 14273 2875 6313 880 2428 14588 14632 14691 1984 
1 23 14273 1088 5979 6472 3872 2237 7565 1560 7389 2457 7113 14873 2511 4766 3327 2606 14942 1816 14981 2404 15035 2560 3923 
1 54 4766 14825 7036 14702 781 2550 3788 14483 7214 1188 1719 14201 14100 14051 1390 13839 1851 2578 2835 13562 7157 7075 13348 13221 7569 1119 1690 569 6999 7121 4878 172 12489 3889 12669 5913 2717 5040 6373 6955 1572 12859 12888 6660 13096 1286 13316 3623 234 13441 13485 13511 4113 13404 
1 8 3923 2560 15035 2404 15010 1928 14950 14938 
1 25 14938 5475 6578 563 6766 14800 1716 6764 14702 2294 5292 14670 5153 2990 7452 2237 3557 2428 14478 14424 14391 14380 3689 2166 1956 
1 13 14670 14625 14566 7644 14456 14392 14359 2122 14235 6189 2453 13930 13879 
1 14 1956 14334 6700 1140 4291 2960 14630 3186 3056 1339 4509 7663 14882 1805 
1 32 1956 4972 1706 1712 6946 3243 14273 14280 4301 14297 2122 14306 1188 1719 14201 14100 14051 1390 13839 1851 2578 13701 6712 13597 13630 5236 3483 5582 13848 5406 13996 3254 
1 35 7157 7075 13348 13221 7569 1119 1690 569 6999 7121 4878 172 12489 3889 12669 5913 2717 5040 6373 6955 1572 12859 12888 6660 13096 1286 13316 13447 4459 13633 5169 13808 835 5580 14065 
1 41 4459 13451 5910 4117 13327 13294 3831 7733 2756 4243 13000 6413 12971 4567 12825 4981 3114 6593 7225 12333 12240 12166 11994 11896 11852 11821 11755 6457 1668 1190 11657 11625 4255 11658 3009 11659 3315 5558 2589 7524 6201 
1 25 11319 11228 11177 4082 11308 1947 11497 7126 11687 6765 11895 5416 11878 3328 506 395 3571 3121 12310 1172 6306 12518 12566 12585 4981 
1 16 7052 6448 2583 219 13215 13150 13172 1876 4912 13053 4175 3036 12979 1903 2045 12936 
1 3 13082 4912 13262 
1 19 5662 13298 6221 1194 6790 13396 13413 13442 7643 1186 4360 5491 6847 3246 6376 3107 14075 14127 3203 
1 14 5669 13273 1876 4912 13053 4175 3036 12979 1903 2045 12936 6134 12805 12709 
1 58 12888 12838 12815 5015 12612 12564 4000 12392 1172 194 5660 1669 1753 11820 247 1048 4717 6629 11398 1983 11180 11122 11059 10991 4142 10944 6647 10808 5482 10709 10661 5609 10588 10502 6450 10448 4809 10436 6688 7015 10145 6870 9954 5952 9708 299 9575 1515 9476 9498 7765 4701 9477 4251 9438 5535 5751 9348 
1 10 1048 443 11419 11309 11230 11138 5439 4749 7393 10624 
1 20 7393 10624 6701 10555 10625 3124 3291 10470 10376 6378 3612 3055 10228 10144 10109 741 484 4807 1295 6433 
1 20 6433 389 10085 6870 9954 5952 9708 299 9575 1515 9476 9498 7765 4701 9477 4251 9438 5535 5751 9348 
1 8 9303 5908 2284 9129 9050 9005 2148 8968 
1 28 3350 4745 4422 2631 2870 9231 9319 5296 9437 4695 7151 3297 9565 5021 9654 3652 9667 7463 9760 9846 6139 4292 9799 6044 9991 800 6482 7394 
1 2 3350 8968 
1 2 9303 9348 
1 20 9348 9449 2445 3287 9723 6726 9732 1990 4888 9923 10027 80 4139 7117 10475 3819 10607 10702 6421 5324 
1 25 10928 10851 5905 10822 10746 5268 10781 7752 10734 4057 10683 5609 10661 10709 5482 10733 10772 10708 10732 1291 3124 10625 10555 10529 4680 
1 19 4680 7388 10280 7584 10143 3449 4205 2067 7596 9595 1542 9596 6357 9448 4025 9340 9199 9138 7400 
1 26 5226 11395 7511 11511 3083 11622 4355 11441 921 11252 894 11305 7267 11330 1792 57 11451 11620 11681 11794 7092 11978 12064 12113 5456 12353 
1 12 57 11451 11620 11681 11794 7092 11978 12023 5636 11979 6003 11873 
1 14 3905 12582 3231 7496 12256 12173 12086 11965 12041 455 11964 6782 12115 5428 
1 7 5428 7490 12056 3592 2236 3236 11733 
1 3 11733 3236 11873 
1 34 11873 2264 206 12180 861 3967 2334 1379 7168 12803 2424 13011 13092 5791 5029 13358 13437 931 7119 7197 1964 6829 14003 5691 3501 14272 4573 1608 1297 7702 14513 1887 14595 2558 
1 20 348 1826 5164 14333 2460 4713 4950 4922 14447 2357 782 5713 14561 1125 14595 6748 4979 2303 14775 14811 
1 21 13388 13420 1134 13608 6845 6937 13674 4846 13867 13928 1512 7554 14125 14175 3501 14207 1331 5786 14313 14343 14332 
1 28 14158 5714 4104 2469 6654 14234 503 14352 14396 2867 1016 6483 663 14572 827 5272 14664 1478 14624 14636 14629 123 6006 14595 4148 14586 521 14567 
1 15 14332 14288 14226 435 3051 131 5442 7004 13601 13490 13419 13347 5029 5791 13079 
1 30 5428 7490 5646 1794 2196 12247 4390 3967 2334 1379 7168 12803 665 5196 1424 13202 13282 13438 5869 4046 6969 4621 13979 7554 200 14188 5228 7429 2357 782 
1 3 2132 13240 5791 
1 13 13438 13376 13322 13250 4731 1338 13153 13061 1921 13036 4784 13018 13100 
1 16 2769 12791 2801 12781 12774 12811 2952 4487 12780 12834 12886 446 7218 4861 12855 665 
1 29 12886 12969 5916 13093 3081 13249 13303 13376 13438 13473 13519 3744 13654 7197 13790 5442 6960 5390 2169 7580 14171 6115 6268 14372 6674 14436 3289 521 14567 
1 8 14811 5267 14669 6174 14541 1705 14446 2224 
1 9 2224 14356 14330 524 14205 14147 14084 14017 13963 
1 9 13908 2955 1311 13758 13638 2010 3345 966 13490 
1 13 14330 14356 332 6827 1981 3804 14379 1636 14401 14427 14388 661 4554 
1 2 13963 13908 
1 9 13908 265 13954 13992 4677 13986 2119 3909 3883 
1 4 3883 7507 1306 14319 
1 6 14319 3804 14459 1713 14585 14584 
1 4 14585 4848 14521 14526 
1 9 14811 7199 14753 1129 2121 1040 14747 139 14782 
1 2 14526 1705 
1 6 14526 14521 4848 14585 14640 14686 
1 5 14686 2126 6 139 14782 
1 8 14811 7199 14753 1129 2121 1040 4510 3801 
